0 0.385707 0.306418 0.228844 0.139365
0 0.390227 0.313096 0.237061 0.149236
0 0.385254 0.306251 0.229405 0.138387
0 0.385254 0.306251 0.229405 0.138387
0 0.385254 0.306251 0.229405 0.138387
0 0.385254 0.306251 0.229405 0.138387
0 0.385254 0.306251 0.229405 0.138387
0 0.483435 0.690032 0.423622 0.001735
0 0.385254 0.306251 0.229405 0.138387
0 0.483435 0.690032 0.423622 0.001735
0 0.385254 0.306251 0.229405 0.138387
0 0.483435 0.690032 0.423622 0.001735
0 0.385254 0.306251 0.229405 0.138387
0 0.483435 0.690032 0.423622 0.001735
0 0.385254 0.306251 0.229405 0.138387
0 0.483435 0.690032 0.423622 0.001735
0 0.385254 0.306251 0.229405 0.138387
0 0.483435 0.690032 0.423622 0.001735
0 0.503236 0.306791 0.007178 0.138135